234	01051979	B	404	1	79	6	14.1	30	50
294	01051979	B	408	1	79	6	14.1	30	50
791	01051979	B	407	1	79	6	14.1	30	50
1234	01051979	B	401	1	39	6	14.1	30	50
157	01131979	B	1307	1	62	6	12.6	30	30
435	01131979	B	804	1	62	6	12.6	30	30
475	01131979	B	820	1	62	6	12.6	30	30
500	01131979	B	1320	1	62	6	12.6	30	30
633	01131979	B	1304	1	62	6	12.6	30	30
803	01131979	B	1320	1	62	6	12.6	30	30
921	01131979	B	1305	1	62	6	12.6	30	30
357	01131979	B	-1307	1	62	6	12.6	30	30
177	01131979	B	1304	1	62	6	12.6	30	30
777	01131979	B	820	1	59	6	12.6	30	30
977	01131979	B	820	1	55	6	12.6	30	30
234	01191979	B	404	1	69	6	13.1	30	39
294	01191979	B	408	1	69	6	13.1	30	39
734	01191979	B	801	1	69	6	13.1	30	39
791	01191979	B	407	1	69	6	13.1	30	39
157	01251979	B	1307	1	69	6	14.1	30	50
435	01251979	B	804	1	79	6	14.1	30	50
475	01251979	B	820	1	79	6	14.1	30	50
500	01251979	B	1320	1	69	6	14.1	30	50
633	01251979	B	1304	1	69	6	14.1	30	50
803	01251979	B	1320	1	69	6	14.1	30	50
921	01251979	B	1305	1	69	6	14.1	30	50
357	01251979	B	-1307	1	69	6	14.1	30	50
177	01251979	B	1304	1	69	6	14.1	30	50
777	01251979	B	820	1	59	6	14.1	30	50
977	01251979	B	820	1	59	6	14.1	30	50
94	02021979	U	105	4	2.3	2	1.5
234	02021979	U	404	4	2.3	2	1.5
294	02021979	U	408	4	2.3	2	1.5
791	02021979	U	407	4	2.3	2	1.5
157	02031979	B	1307	2	0.3	1	69	6	13.7
157	02031979	B	1307	30	37
234	02031979	B	404	2	0.3	1	71	6	13.7
234	02031979	B	404	30	37
294	02031979	B	408	2	0.3	1	71	6	13.7
294	02031979	B	408	30	37
435	02031979	B	804	2	0.3	1	73	6	13.7
435	02031979	B	804	30	37
475	02031979	B	820	2	0.3	1	73	6	13.7
475	02031979	B	820	30	37
500	02031979	B	1320	2	0.3	1	69	6	13.7
500	02031979	B	1320	30	37
633	02031979	B	1304	2	0.3	1	69	6	13.7
633	02031979	B	1304	30	37
791	02031979	B	407	2	0.3	1	71	6	13.7
791	02031979	B	407	30	37
803	02031979	B	1320	2	0.3	1	69	6	13.7
803	020031979	B	1320	30	37
921	02031979	B	1305	2	0.3	1	69	6	13.7
921	02031979	B	1305	30	37
1023	02031979	B	101	2	0.3	1	31	6	13.7
1023	02031979	B	101	30	37
1034	02031979	B	107	2	0.3	1	31	6	13.7
1034	02031979	B	107	30	37
357	02031979	B	-1307	2	0.3	1	69	6	13.7
357	02031979	B	-1307	30	37
177	02031979	B	1304	2	0.3	1	69	6	13.7
177	02031979	B	1304	30	37
777	02031979	B	820	2	0.3	1	69	6	13.7
777	02031979	B	820	30	37
977	02031979	B	820	2	0.3	1	59	6	13.7
977	02031979	B	820	30	37
157	02081979	B	1307	1	69	6	13.1	30	39
435	02081979	B	804	1	69	6	13.1	30	39
475	02081979	B	820	1	69	6	13.1	30	39
500	02081979	B	1320	1	69	6	13.1	30	39
633	02081979	B	1304	1	69	6	13.1	30	39
803	02081979	B	1320	1	69	6	13.1	30	39
921	02081979	B	1305	1	69	6	13.1	30	39
357	02081979	B	-1307	1	69	6	13.1	30	39
177	02081979	B	1304	1	69	6	13.1	30	39
777	02081979	B	820	1	59	6	13.1	30	39
977	02081979	B	820	1	59	6	13.1	30	39
157	02171979	B	1307	1	69	6	12.5	30	21
234	02171979	B	404	1	70	6	12.5	30	21
294	02171979	B	408	1	70	6	12.5	30	21
435	02171979	B	804	1	69	6	12.5	30	21
475	02171979	B	820	1	69	6	12.5	30	21
500	02171979	B	1320	1	69	6	12.5	30	21
633	02171979	B	1304	1	69	6	12.5	30	21
791	02171979	B	407	1	70	6	12.5	30	21
803	02171979	B	1320	1	69	6	12.5	30	21
921	02171979	B	1305	1	69	6	12.5	30	21
357	02171979	B	-1307	1	69	6	12.5	30	21
177	02171979	B	1304	1	70	6	12.5	30	21
777	02171979	B	820	1	60	6	12.5	30	21
977	02171979	B	820	1	57	6	12.5	30	21
157	03011979	B	1307	1	70	6	12.7	30	28
234	03011979	B	404	1	71	6	12.7	30	28
294	03011979	B	408	1	71	6	12.7	30	28
435	03011979	B	804	1	70	6	12.7	30	28
475	03011979	B	820	1	80	6	12.7	30	28
500	03011979	B	1320	1	70	6	12.7	30	28
633	03011979	B	1304	1	70	6	12.7	30	28
791	03011979	B	407	1	71	6	12.7	30	28
803	03011979	B	1320	1	70	6	12.7	30	28
921	03011979	B	1305	1	70	6	12.7	30	28
357	03011979	B	-1307	1	70	6	12.7	30	28
177	03011979	B	1304	1	70	6	12.7	30	28
777	03011979	B	820	1	59	6	12.7	30	28
977	03011979	B	820	1	57	6	12.7	30	28
157	03151979	B	1307	1	68	6	12.8	30	27
234	03151979	B	404	1	68	6	12.8	30	27
294	03151979	B	408	1	68	6	12.8	30	27
435	03151979	B	804	1	70	6	12.8	30	27
475	03151979	B	820	1	80	6	12.8	30	27
500	03151979	B	1320	1	68	6	12.8	30	27
633	03151979	B	1304	1	68	6	12.8	30	27
791	03151979	B	407	1	68	6	12.8	30	27
803	03151979	B	1320	1	68	6	12.8	30	27
921	03151979	B	1305	1	68	6	12.8	30	27
357	03151979	B	-1307	1	68	6	12.8	30	27
177	03151979	B	1304	1	68	6	12.8	30	27
777	03151979	B	820	1	58	6	12.8	30	27
977	03151979	B	820	1	58	6	12.8	30	27
157	03291979	B	1307	1	67	6	12.5	30	29
234	03291979	B	404	1	67	6	12.5	30	29
294	03291979	B	408	1	67	6	12.5	30	29
435	03291979	B	804	1	67	6	12.5	30	29
475	03291979	B	820	1	77	6	12.5	30	29
500	03291979	B	1320	1	67	6	12.5	30	29
633	03291979	B	1304	1	67	6	12.5	30	29
791	03291979	B	407	1	67	6	12.5	30	29
803	03291979	B	1320	1	67	6	12.5	30	29
921	03291979	B	1305	1	67	6	12.5	30	29
357	03291979	B	-1307	1	67	6	12.5	30	29
177	03291979	B	1304	1	67	6	12.5	30	29
777	03291979	B	820	1	67	6	12.5	30	29
977	03291979	B	820	1	57	6	12.5	30	29
234	04131979	B	404	1	62	6	12.6	30	30
294	04131979	B	408	1	62	6	12.6	30	30
634	04131979	B	904	1	45	6	12.7	30	28
791	04131979	B	407	1	62	6	12.6	30	30
1234	04131979	B	401	1	62	6	12.6	30	30
157	04151979	B	1307	1	62	6	12.6	30	30
435	04151979	B	804	1	62	6	12.6	30	30
475	04151979	B	820	1	62	6	12.6	30	30
500	04151979	B	1320	1	62	6	12.6	30	30
633	04151979	B	1304	1	62	6	12.6	30	30
803	04151979	B	1320	1	62	6	12.6	30	30
921	04151979	B	1305	1	62	6	12.6	30	30
357	04151979	B	-1307	1	62	6	12.6	30	30
177	04151979	B	1304	1	62	6	12.6	30	30
777	04151979	B	820	1	52	6	12.6	30	30
977	04151979	B	820	1	52	6	12.6	30	30
157	04291979	B	1307	1	60	6	12.6	30	30
435	04291979	B	804	1	60	6	12.6	30	30
475	04291979	B	820	1	60	6	12.6	30	30
500	04291979	B	1320	1	60	6	12.6	30	30
633	04291979	B	1304	1	60	6	12.6	30	30
803	04291979	B	1320	1	60	6	12.6	30	30
921	04291979	B	1305	1	60	6	12.6	30	30
357	04291979	B	-1307	1	60	6	12.6	30	30
177	04291979	B	1304	1	60	6	12.6	30	30
777	04291979	B	820	1	60	6	12.6	30	30
977	04291979	B	820	1	50	6	12.6	30	30
157	05051979	B	1307	1	68	6	14.1	30	50
234	05051979	B	404	1	59	6	14.1	30	50
294	05051979	B	408	1	59	6	14.1	30	50
435	05051979	B	804	1	59	6	14.1	30	50
475	05051979	B	820	1	59	6	14.1	30	50
500	05051979	B	1320	1	68	6	14.1	30	50
633	05051979	B	1304	1	68	6	14.1	30	50
734	05051979	B	801	1	59	6	14.1	30	50
791	05051979	B	407	1	59	6	14.1	30	50
803	05051979	B	1320	1	68	6	14.1	30	50
921	05051979	B	1305	1	68	6	14.1	30	50
357	05051979	B	-1307	1	68	6	14.1	30	50
177	05051979	B	1304	1	68	6	14.1	30	50
777	05051979	B	820	1	58	6	14.1	30	50
977	05051979	B	820	1	63	6	14.1	30	50
94	05291979	B	105	1	55	6	13.1	30	39
157	05291979	B	1307	1	65	6	13.1	30	39
234	05291979	B	404	1	55	6	13.1	30	39
294	05291979	B	408	1	55	6	13.1	30	39
435	05291979	B	804	1	55	6	13.1	30	39
475	05291979	B	820	1	55	6	13.1	30	39
500	05291979	B	1320	1	65	6	13.1	30	39
633	05291979	B	1304	1	65	6	13.1	30	39
791	05291979	B	408	1	55	6	13.1	30	39
803	05291979	B	1320	1	65	6	13.1	30	39
921	05291979	B	1305	1	65	6	13.1	30	39
357	05291979	B	-1307	1	65	6	13.1	30	39
177	05291979	B	1304	1	65	6	13.1	30	39
777	05291979	B	820	1	65	6	13.1	30	39
977	05291979	B	820	1	55	6	13.1	30	39
157	06121979	U	1307	4	2.3	2	1.5
234	06121979	U	404	4	2.3	2	1.5
294	06121979	U	408	4	2.3	2	1.5
435	06121979	U	804	4	2.3	2	1.5
475	06121979	U	820	4	2.3	2	1.5
500	06121979	U	1320	4	2.3	2	1.5
633	06121979	U	1304	4	2.3	2	1.5
791	06121979	U	407	4	2.3	2	1.5
803	06121979	U	1320	4	2.3	2	1.5
921	06121979	U	1305	4	2.3	2	1.5
1023	06121979	U	101	4	2.3	2	1.5
1034	06121979	U	107	4	2.3	2	1.5
357	06121979	U	-1307	4	2.3	2	1.5
177	06121979	U	1304	4	2.3	2	1.5
777	06121979	U	820	4	2.3	2	1.5
977	06121979	U	820	4	2.3	2	1.5
157	07031979	B	1307	2	0.3	1	63	6	13.7
157	07031979	B	1307	30	37
234	07031979	B	404	2	0.3	1	48	6	13.7
234	07031979	B	404	30	37
294	07031979	B	408	2	0.3	1	48	6	13.7
294	07031979	B	408	30	37
435	07031979	B	804	2	0.3	1	48	6	13.7
435	07031979	B	804	30	37
475	07031979	B	820	2	0.3	1	48	6	13.7
475	07031979	B	820	30	37
500	07031979	B	1320	2	0.3	1	63	6	13.7
500	07031979	B	1320	30	37
633	07031979	B	1304	2	0.3	1	63	6	13.7
633	07031979	B	1304	30	37
734	07031979	B	801	30	37
791	07031979	B	407	2	0.3	1	48	6	13.7
791	07031979	B	407	30	37
803	07031979	B	1320	2	0.3	1	63	6	13.7
803	07031979	B	1320	30	37
921	07031979	B	1305	2	0.3	1	63	6	13.7
921	07031979	B	1305	30	37
1234	07031979	B	401	2	0.3	1	48	6	13.7
357	07031979	B	-1307	2	0.3	1	63	6	13.7
357	07031979	B	-1307	30	37
177	07031979	B	1304	2	0.3	1	63	6	13.7
177	07031979	B	1304	30	37
777	07031979	B	820	2	0.3	1	53	6	13.7
777	07031979	B	820	30	37
977	07031979	B	820	2	0.3	1	53	6	13.7
977	07031979	B	820	30	37
94	07171979	B	105	1	40	6	12.5	30	21
157	07171979	B	1307	1	60	6	12.5	30	21
234	07171979	B	404	1	40	6	12.5	30	21
294	07171979	B	408	1	40	6	12.5	30	21
435	07171979	B	804	1	40	6	12.5	30	21
475	07171979	B	820	1	40	6	12.5	30	21
500	07171979	B	1320	1	60	6	12.5	30	21
633	07171979	B	1304	1	60	6	12.5	30	21
791	07171979	B	407	1	40	6	12.5	30	21
803	07171979	B	1320	1	60	6	12.5	30	21
921	07171979	B	1305	1	60	6	12.5	30	21
357	07171979	B	-1307	1	60	6	12.5	30	21
177	07171979	B	1304	1	60	6	12.5	30	21
777	07171979	B	820	1	50	6	12.5	30	21
977	07171979	B	820	1	50	6	12.5	30	21
157	08011979	B	1307	1	65	6	12.7	30	28
234	08011979	B	404	1	45	6	12.7	30	28
294	08011979	B	408	1	45	6	12.7	30	28
435	08011979	B	804	1	40	6	12.7	30	28
475	08011979	B	820	1	40	6	12.7	30	28
500	08011979	B	1320	1	65	6	12.7	30	28
633	08011979	B	1304	1	65	6	12.7	30	28
791	08011979	B	407	1	45	6	12.7	30	28
803	08011979	B	1320	1	65	6	12.7	30	28
921	08011979	B	1305	1	65	6	12.7	30	28
1023	08011979	B	101	1	45	6	12.7	30	28
1034	08011979	B	107	1	45	6	12.7	30	28
357	08011979	B	-1307	1	65	6	12.7	30	28
177	08011979	B	1304	1	65	6	12.7	30	28
777	08011979	B	820	1	65	6	12.7	30	28
977	08011979	B	820	1	55	6	12.7	30	28
157	08151979	B	1307	1	60	6	12.8	30	27
234	08151979	B	404	1	40	6	12.8	30	27
294	08151979	B	408	1	40	6	12.8	30	27
435	08151979	B	804	1	40	6	12.8	30	27
475	08151979	B	820	1	40	6	12.8	30	27
500	08151979	B	1320	1	60	6	12.8	30	27
633	08151979	B	1304	1	60	6	12.8	30	27
634	08151979	B	904	1	40	6	12.8	30	27
791	08151979	B	407	1	40	6	12.8	30	27
803	08151979	B	1320	1	60	6	12.8	30	27
921	08151979	B	1305	1	60	6	12.8	30	27
357	08151979	B	-1307	1	60	6	12.8	30	27
177	08151979	B	1304	1	60	6	12.8	30	27
777	08151979	B	820	1	59	6	12.8	30	27
977	08151979	B	820	1	50	6	12.8	30	27
157	08291979	B	1307	1	58	6	12.5	30	29
234	08291979	B	404	1	40	6	12.5	30	29
294	08291979	B	408	1	40	6	12.5	30	29
435	08291979	B	804	1	50	6	12.5	30	29
475	08291979	B	820	1	50	6	12.5	30	29
500	08291979	B	1320	1	58	6	12.5	30	29
633	08291979	B	1304	1	58	6	12.5	30	29
791	08291979	B	407	1	40	6	12.5	30	29
803	08291979	B	1320	1	58	6	12.5	30	29
921	08291979	B	1305	1	58	6	12.5	30	29
357	08291979	B	-1307	1	58	6	12.5	30	29
177	08291979	B	1304	1	58	6	12.5	30	29
777	08291979	B	820	1	58	6	12.5	30	29
977	08291979	B	820	1	58	6	12.5	30	29
157	09131979	B	1307	1	59	6	12.6	30	30
234	09131979	B	404	1	52	6	12.6	30	30
294	09131979	B	408	1	52	6	12.6	30	30
435	09131979	B	804	1	52	6	12.6	30	30
475	09131979	B	820	1	52	6	12.6	30	30
500	09131979	B	1320	1	59	6	12.6	30	30
506	09131979	B	1320	1	59	6	12.6	30	30
633	09131979	B	1304	1	59	6	12.6	30	30
634	09131979	B	904	1	52	6	12.6	30	30
791	09131979	B	407	1	52	6	12.6	30	30
803	09131979	B	1320	1	59	6	12.6	30	30
835	09131979	B	804	1	52	6	12.6	30	30
894	09131979	B	908	1	52	6	12.6	30	30
921	09131979	B	1305	1	59	6	12.6	30	30
1134	09131979	B	1301	1	52	6	12.6	30	30
1234	09131979	B	401	1	52	6	12.6	30	30
357	09131979	B	1307	1	59	6	12.6	30	30
177	09131979	B	1304	1	59	6	12.6	30	30
777	09131979	B	820	1	59	6	12.6	30	30
977	09131979	B	820	1	59	6	12.6	30	30
157	10051979	B	1307	1	69	6	14.1	30	50
234	10051979	B	404	1	69	6	14.1	30	50
294	10051979	B	408	1	69	6	14.1	30	50
435	10051979	B	804	1	69	6	14.1	30	50
475	10051979	B	820	1	69	6	14.1	30	50
500	10051979	B	1320	1	69	6	14.1	30	50
506	10051979	B	1320	1	69	6	14.1	30	50
633	10051979	B	1304	1	69	6	14.1	30	50
634	10051979	B	904	1	69	6	14.1	30	50
734	10051979	B	801	1	69	6	14.1	30	50
791	10051979	B	407	1	69	6	14.1	30	50
803	10051979	B	1320	1	69	6	14.1	30	50
835	10051979	B	804	1	69	6	14.1	30	50
894	10051979	B	908	1	69	6	14.1	30	50
921	10051979	B	1305	1	69	6	14.1	30	50
1004	10051979	B	102	1	29	6	14.1	30	50
357	10051979	B	1307	1	69	6	14.1	30	50
177	10051979	B	1304	1	69	6	14.1	30	50
777	10051979	B	820	1	69	6	14.1	30	50
977	10051979	B	820	1	59	6	14.1	30	50
94	10191979	B	105	1	67	6	13.1	30	39
157	10191979	B	1307	1	67	6	13.1	30	39
234	10191979	B	404	1	67	6	13.1	30	39
294	10191979	B	408	1	67	6	13.1	30	39
435	10191979	B	804	1	67	6	13.1	30	39
475	10191979	B	820	1	67	6	13.1	30	39
500	10191979	B	1320	1	67	6	13.1	30	39
506	10191979	B	1320	1	67	6	13.1	30	39
633	10191979	B	1304	1	67	6	13.1	30	39
634	10191979	B	904	1	67	6	13.1	30	39
791	10191979	B	407	1	67	6	13.1	30	39
803	10191979	B	1320	1	67	6	13.1	30	39
835	10191979	B	804	1	67	6	13.1	30	39
894	10191979	B	908	1	67	6	13.1	30	39
921	10191979	B	1305	1	67	6	13.1	30	39
1006	10191979	B	103	1	32	6	13.1	30	39
357	10191979	B	1307	1	67	6	13.1	30	39
177	10191979	B	1304	1	67	6	13.1	30	39
777	10191979	B	820	1	57	6	13.1	30	39
977	10191979	B	820	1	57	6	13.1	30	39
157	11021979	U	1307	4	2.3	2	1.5
234	11021979	U	404	4	2.3	2	1.5
294	11021979	U	408	4	2.3	2	1.5
435	11021979	U	804	4	2.3	2	1.5
475	11021979	U	820	4	2.3	2	1.5
500	11021979	U	1320	4	2.3	2	1.5
633	11021979	U	1304	4	2.3	2	1.5
791	11021979	U	407	4	2.3	2	1.5
803	11021979	U	1320	4	2.3	2	1.5
921	11021979	U	1305	4	2.3	2	1.5
1023	11021979	U	101	4	2.3	2	1.5
1034	11021979	U	107	4	2.3	2	1.5
357	11021979	U	1307	4	2.3	2	1.5
177	11021979	U	1304	4	2.3	2	1.5
777	11021979	U	820	4	2.3	2	1.5
977	11021979	U	820	4	2.3	2	1.5
157	11031979	B	1307	2	0.3	1	71	6	13.7
157	11031979	B	1307	30	37
234	11031979	B	404	2	0.3	1	71	6	13.7
234	11031979	B	404	30	37
294	11031979	B	408	2	0.3	1	71	6	13.7
294	11031979	B	408	30	37
435	11031979	B	804	2	0.3	1	71	6	13.7
435	11031979	B	804	30	37
475	11031979	B	820	2	0.3	1	71	6	13.7
475	11031979	B	820	30	37
500	11031979	B	1320	2	0.3	1	71	6	13.7
500	11031979	B	1320	30	37
633	11031979	B	1304	2	0.3	1	71	6	13.7
633	11031979	B	1304	30	37
791	11031979	B	407	2	0.3	1	71	6	13.7
791	11031979	B	407	30	37
803	11031979	B	1320	2	0.3	1	71	6	13.7
803	11031979	B	1320	30	37
921	11031979	B	1305	2	0.3	1	71	6	13.7
921	11031979	B	1305	30	37
357	11031979	B	1307	2	0.3	1	71	6	13.7
357	11031979	B	1307	30	37
177	11031979	B	1304	2	0.3	1	71	6	13.7
177	11031979	B	1304	30	37
777	11031979	B	820	2	0.3	1	71	6	13.7
777	11031979	B	820	30	37
977	11031979	B	820	2	0.3	1	59	6	13.7
977	11031979	B	820	30	37
157	11171979	B	1307	1	69	6	12.5	30	21
234	11171979	B	404	1	69	6	12.5	30	21
294	11171979	B	408	1	69	6	12.5	30	21
435	11171979	B	804	1	70	6	12.5	30	21
475	11171979	B	820	1	70	6	12.5	30	21
500	11171979	B	1320	1	69	6	12.5	30	21
633	11171979	B	1304	1	69	6	12.5	30	21
791	11171979	B	407	1	69	6	12.5	30	21
803	11171979	B	1320	1	69	6	12.5	30	21
921	11171979	B	1305	1	69	6	12.5	30	21
357	11171979	B	1307	1	69	6	12.5	30	21
177	11171979	B	1304	1	69	6	12.5	30	21
777	11171979	B	820	1	59	6	12.5	30	21
977	11171979	B	820	1	59	6	12.5	30	21
634	11191979	B	904	1	40	6	12.5	30	29
157	11301979	B	1307	1	71	6	12.7	30	28
234	11301979	B	404	1	71	6	12.7	30	28
294	11301979	B	408	1	71	6	12.7	30	28
435	11301979	B	804	1	71	6	12.7	30	28
475	11301979	B	820	1	69	6	12.7	30	28
500	11301979	B	1320	1	71	6	12.7	30	28
633	11301979	B	1304	1	71	6	12.7	30	28
791	11301979	B	407	1	71	6	12.7	30	28
803	11301979	B	1320	1	71	6	12.7	30	28
921	11301979	B	1305	1	71	6	12.7	30	28
357	11301979	B	1307	1	71	6	12.7	30	28
177	11301979	B	1304	1	71	6	12.7	30	28
777	11301979	B	820	1	51	6	12.7	30	28
977	11301979	B	820	1	71	6	12.7	30	28
157	12151979	B	1307	1	68	6	12.8	30	27
234	12151979	B	404	1	68	6	12.8	30	27
294	12151979	B	408	1	68	6	12.8	30	27
435	12151979	B	804	1	68	6	12.8	30	27
475	12151979	B	820	1	68	6	12.8	30	27
500	12151979	B	1320	1	68	6	12.8	30	27
633	12151979	B	1304	1	68	6	12.8	30	27
734	12151979	B	801	1	68	6	12.8	30	27
791	12151979	B	407	1	68	6	12.8	30	27
803	12151979	B	1320	1	68	6	12.8	30	27
921	12151979	B	1305	1	68	6	12.8	30	27
357	12151979	B	1307	1	68	6	12.8	30	27
177	12151979	B	1304	1	68	6	12.8	30	27
777	12151979	B	820	1	68	6	12.8	30	27
977	12151979	B	820	1	73	6	12.8	30	27
94	12291979	B	105	1	67	6	12.5	30	29
157	12291979	B	1307	1	67	6	12.5	30	29
234	12291979	B	404	1	67	6	12.5	30	29
294	12291979	B	408	1	67	6	12.5	30	29
435	12291979	B	804	1	67	6	12.5	30	29
475	12291979	B	820	1	67	6	12.5	30	29
500	12291979	B	1320	1	67	6	12.5	30	29
633	12291979	B	1304	1	67	6	12.5	30	29
791	12291979	B	407	1	67	6	12.5	30	29
803	12291979	B	1320	1	67	6	12.5	30	29
921	12291979	B	1305	1	67	6	12.5	30	29
357	12291979	B	1307	1	67	6	12.5	30	29
177	12291979	B	1304	1	67	6	12.5	30	29
777	12291979	B	820	1	57	6	12.5	30	29
977	12291979	B	820	1	67	6	12.5	30	29
1234	12301979	B	401	1	71	6	12.7	30	28
